1 -> [15.08 06.82 31.60 58.57; 80.19 96.69 99.08 99.55; 97.87 99.63 99.89 99.96]; avg
1-> [1.388e-03 00.65 08.31 26.23; 50.68 79.07  89.88 94.42; 85.78 94.40 97.27 98.25]; min
1 -> [00.86 01.90 02.14 02.89; 01.89 00.33 00.05 00.05; 00.27 00.04 00.02 7,8206E-03]; -> avgConf
1 -> [2,284E-05 00.21 01.47 03.41; 03.56 04.06 01.17 00.61; 03.27 00.87 00.61 00.43]; -> minConf

2 ->  [13.71 25.99 47.42 69.75; 87.10 97.25 99.08 99.56; 98.33 99.69 99.90 99.96];  avg
2 -> [00.16 03.75 16.95 34.98; 59.19 80.48 88.38 92.82; 88.74 94.82 97.45 97.97]; min
2 -> [01.11 02.85 02.05 01.76; 01.33 00.23 00.08 00.02; 00.23 00.03 00.02 00.01]; -> avgConf
2 -> [00.08 00.96 02.05 03.40; 03.26 02.42 02.44 01.53; 01.35 00.99 00.56 00.49]; ->minConf

3-> [20.01 33.84 54.73 73.87; 88.02 97.29 99.18 99.57; 98.30 99.66 99.90 99.96 ]; avg
3-> [00.36 05.32 15.79 35.15 58.76 83.96 92.79 93.55 88.72 94.36 97.43 98.49]; min
3 -> [01.36 02.04 01.73 01.08 ; 00.92 00.21 00.07 00.04 ; 00.21 00.04 00.01 5,557E-03]; -> avgConf
3 -> [00.16 00.74 01.97 03.90 04.70 01.82 00.92 00.96 01.50 01.19 00.54 00.28]; ->minConf

4-> [24.73 41.77 61.28  79.08; 91.68  97.61  99.15 99.57;  98.67 99.66 99.90  99.95]; avg
4 -> [01.44 09.42 21.73 40.93 63.31 84.35 88.15 93.51 87.40 95.08 96.75 97.85]; min
4 -> [02.22 01.83 01.84 00.86 ; 00.72 00.16 00.05 00.02; 00.14 00.05 00.01 6,467E-03]; -> avgConf
4 -> [00.29 01.20 02.68 05.42 04.92 02.01 02.50 00.91 02.08 00.99 00.85 00.34]; -> minConf





























