1 AP:

CaseA:
0.0688, 0.0093, 1.3889e-05, 2.2845e-05

CaseB:
0.1552, 0.0182, 0.0082, 0.0029

CaseC:
0.3137, 0.0250, 0.0784, 0.0106

CaseD:
0.5220, 0.0318, 0.2392, 0.0324

CaseE:
0.8190, 0.0153, 0.5097, 0.0401

CaseF:
0.9713, 0.0029, 0.8175, 0.0277

CaseG:
0.9906, 9.7198e-04, 0.8798, 0.0216

CaseH:
0.9953, 5.9017e-04, 0.9271, 0.0158

CaseI:
0.9823, 0.0014, 0.8761, 0.0139

CaseJ:


CaseK:


CaseL:


----------------------------------

4 APS:

CaseA:
0.2715 , 0.0186 , 0.0203 , 0.0044

CaseB:	
0.4190 , 0.0214 , 0.0794 , 0.0131

CaseC:
0.6035, 0.0219, 0.1972, 0.0305

CaseD:
0.7914, 0.0072, 0.3898, 0.0538

CaseE:
0.9207, 0.0054, 0.6297, 0.0558

CaseF:
0.9773, 0.0018, 0.8100, 0.0470

CaseG:
0.9916, 7.5634e-04, 0.9156, 0.0088

CaseH:
0.9957,3.9801e-04 ,0.9423,0.0063

CaseI:
0.9873, 0.0014, 0.8974, 0.0125

CaseJ:
0.9968,4.7100e-04,0.9484,0.0094

CaseK:
0.9989, 2.4345e-04, 0.9667, 0.0064

CaseL:
0.9996, 7.2172e-05, 0.9797, 0.0045


